2.4 4
2.5 4
2.6 4
2.7 5
2.8 5
2.9 5
3 6
3.1 7
3.2 6
3.3 6
3.4 6
3.5 8
3.6 7
3.7 8
3.8 9
3.9 9
4 10
4.1 9
4.2 10
4.3 12
4.4 10
4.5 11
4.6 12
4.7 11
4.8 13
4.9 14
5 14
5.1 13
5.2 16
5.3 15
5.4 15
5.5 18
5.6 18
5.7 16
5.8 19
5.9 20
6 18
6.1 18
6.2 19
6.3 21
6.4 21
6.5 22
6.6 23
6.7 22
6.8 26
6.9 27
7 24
7.1 27
7.2 26
7.3 26
7.4 27
7.5 29
7.6 32
7.7 31
7.8 30
7.9 31
8 32
8.1 33
8.2 36
8.3 34
8.4 38
8.5 38
8.6 38
8.7 38
8.8 40
8.9 42
9 38
9.1 42
9.2 45
9.3 44
9.4 43
9.5 42
9.6 49
9.7 49
9.8 50
9.9 45
10 48
10.1 50
10.2 53
10.3 50
10.4 55
10.5 52
10.6 57
10.7 56
10.8 55
10.9 62
11 62
11.1 62
11.2 63
11.3 64
11.4 65
11.5 67
11.6 69
11.7 64
11.8 67
11.9 70
12 66
12.1 70
12.2 75
12.3 72
12.4 77
12.5 74
12.6 80
12.7 78
12.8 76
12.9 83
13 82
13.1 81
13.2 81
13.3 89
13.4 89
13.5 89
13.6 90
13.7 90
13.8 91
13.9 93
14 94
14.1 96
14.2 98
14.3 100
14.4 103
14.5 96
14.6 99
14.7 103
14.8 106
14.9 110
15 104
15.1 109
15.2 113
15.3 108
15.4 113
15.5 118
15.6 113
15.7 119
15.8 115
15.9 121
16 117
16.1 124
16.2 120
16.3 127
16.4 124
16.5 131
16.6 128
16.7 136
16.8 133
16.9 131
17 140
17.1 137
17.2 135
17.3 144
17.4 143
17.5 141
17.6 151
17.7 150
17.8 148
17.9 147
18 158
18.1 157
18.2 157
18.3 156
18.4 156
18.5 156
18.6 168
18.7 168
18.8 168
18.9 168
19 169
19.1 169
19.2 170
19.3 171
19.4 172
19.5 173
19.6 174
19.7 176
19.8 177
19.9 179
20 181
20.1 183
20.2 185
20.3 187
20.4 189
20.5 192
20.6 194
20.7 197
20.8 200
20.9 203
21 206
21.1 209
21.2 213
21.3 216
21.4 206
21.5 210
21.6 213
21.7 217
21.8 222
21.9 226
22 230
22.1 220
22.2 225
22.3 229
22.4 234
22.5 239
22.6 229
22.7 234
22.8 240
22.9 245
23 251
23.1 241
23.2 247
23.3 253
23.4 259
23.5 250
23.6 256
23.7 262
23.8 269
23.9 259
24 266
24.1 273
24.2 264
24.3 271
24.4 278
24.5 269
24.6 277
24.7 284
24.8 275
24.9 283
25 291
25.1 282
25.2 290
25.3 298
25.4 290
25.5 298
25.6 307
25.7 298
25.8 307
25.9 316
26 308
26.1 317
26.2 308
26.3 318
26.4 327
26.5 319
26.6 328
26.7 320
26.8 330
26.9 340
27 332
27.1 342
27.2 334
27.3 345
27.4 337
27.5 348
27.6 358
27.7 351
27.8 361
27.9 354
28 365
28.1 357
28.2 369
28.3 361
28.4 373
28.5 365
28.6 377
28.7 370
28.8 381
28.9 374
29 386
29.1 379
29.2 391
29.3 384
29.4 397
29.5 390
29.6 402
29.7 395
29.8 408
29.9 401
30 414
